8711
14351
4581
45554
26440
13604
42621
51863
25483
41320
26945
57503
21863
29293
50402
12355
23433
25202
55373
7699
45056
40782
45393
13419
9177
25178
45369
41241
63484
28598
3433
37687
54993
57237
43260
41606
24707
20485
29737
14332
52975
1182
22897
42991
1734
58095
44872
56681
5261
14580
61075
64685
14742
58062
62360
36817
4716
18374
17262
9869
659
17866
23303
16545
33490
752
54002
47250
51448
2651
44830
17257
38057
47023
64805
42087
9763
49584
31393
60739
10582
9488
29670
10361
23659
20804
4777
11161
32638
37277
28064
14347
33173
17727
11434
48696
48618
10522
51104
3571
6280
29229
27528
46449
2138
18236
35850
38750
9205
22080
10644
35154
19878
52952
64952
12173
57663
32748
4558
13475
10026
59686
9923
55123
4116
36292
41014
21508
31419
58557
13182
64056
44696
5351
32434
59126
35425
4607
51559
9805
2505
12231
55749
14111
51377
3474
33097
26207
15510
61139

9082
33342
392
